dim   CPP_alpha   CPP_ms    Rust_alpha    Rust_ms   speedup
6     0.017133    25        0.018238432833294366 1         25.0x
10    0.03341     12        0.02676525766612725 1         12.0x
15    0.0315677   27        0.0385081039620695 1         27.0x
20    0.0326063   17        0.042195841124437104 2         8.5x
25    0.0330364   31        0.04046806096069631 8         3.9x
30    0.0377138   55        0.05098826429420444 10        5.5x
40    0.0503124   176       0.052581866750205195 21        8.4x
50    0.0527711   325       0.03176471597027827 10        32.5x
70    0.0542709   911       0.03139884966734761 32        28.5x
100   0.0564916   3510      0.03316980475508615 80        43.9x
150   0.0543688   14078     0.024380156349875507 336       41.9x
200   0.0543481   36432     0.02295619090035771 858       42.5x
